# 0x680:HPMUMASTER
256 01021f0c5200f601cc098400520093019001bb0b37343731373636363033353737313230
257 02007b00141a041b00103a0f0000a500141a041b00103a0b0000000000000000000000000000000000000000000000000000000000000000000000000000000000000000000000000000000000000000000000000000000000000000000000000000000000000000000000000000000000000000000000000000
258 0a007b00141a041b00103a0f0000a500141a041b00103a0b00007b00141a041b000e040700008100141a041b000e040600007d00141a041b000c002500007c00141a041b000c000600007b00141a041a060e142600008100141a041a060e142500007d00141a041a060c002600007c00141a041a060c00070000
259 01007800141a041b00103a0d0000000000000000000000000000000000000000000000000000000000000000000000000000000000000000000000000000000000000000000000000000000000000000000000000000000000000000000000000000000000000000000000000000000000000000000000000000
260 04007800141a041b00103a0d00007800141a0415010d093a00007800141a0409030a3b1400005900141a0409030002320100000000000000000000000000000000000000000000000000000000000000000000000000000000000000000000000000000000000000000000000000000000000000000000000000
261 0000000000000000000000000000000000000000000000000000000000000000000000000000000000000000000000000000000000000000000000000000000000000000000000000000000000000000000000000000000000000000000000000000000000000000000000000000000000000000000000000000
262 0000000000000000000000000000000000000000000000000000000000000000000000000000000000000000000000000000000000000000000000000000000000000000000000000000000000000000000000000000000000000000000000000000000000000000000000000000000000000000000000000000
263 01006400141a041b00103a0a0100000000000000000000000000000000000000000000000000000000000000000000000000000000000000000000000000000000000000000000000000000000000000000000000000000000000000000000000000000000000000000000000000000000000000000000000000
264 090009006400141a041b00103a0a01000c00141a041b00103a0a01006400141a041b00103a0a01000c00141a041b00103a0a01006400141a041b00103a0a01000c00141a041b00103a0a01006400141a041b00103a0a01000c00141a041b00103a0a01006400141a041b00103a0a0100000000000000000000000000
265 0000000000000000000000000000000000000000000000000000000000000000000000000000000000000000000000000000000000000000000000000000000000000000000000000000000000000000000000000000000000000000000000000000000000000000000000000000000000000000000000000000
266 04000400a901141a041b00103a0a01000b04141a041b00103a0a0102a901141a041b00103a0a01000b04141a041b00103a0a0102000000000000000000000000000000000000000000000000000000000000000000000000000000000000000000000000000000000000000000000000000000000000000000000000
271 0302c8010402030200
272 00000000000000000400
320 d300d100d400d20000
377 37303938333738363030393531313935
382 000000feff
392 00ffff05
396 d601
458 5a005a0000006a030000b5010000
491 0005
497 0000000005
503 0100
504 64006400f40158028a0200001c02
505 1b041a
506 111b28
507 e4060000
508 02
510 02
511 0101000101000000
531 0101
533 0101
534 0000
538 0000
543 00020200
565 090000003b0000009a000000000000009a00000000000000
572 000000
576 010100
580 5200f601cc098400
581 520093019001bb0b
593 b8742448f584
602 00
603 00
604 56696573736d616e6e2d34333732353300000000000000000000000000000000334151345355524d504c434a00000000000000000000000000000000000000000000000000000000c0a80001
607 0000000000000000000000000000000000000000
616 00
618 00
619 0000
620 00
621 00000000000000000000000000000000000000000000000000000000000000000000000000000000000000000000000000000000000000000000000000000000000000000000000000000000000000000000000000000000000000000000000000000000000000000000000000000000000000000000000000000000000000000000000000000000000000000000000000000000000000000000000000000000000000000000000000000000000000000000000000
622 00000000000000000000000000000000000000000000000000000000000000000000000000000000000000000000000000000000000000000000000000000000000000000000000000000000000000000000000000000000000000000000000000000000000000000000000000000000000000000000000000000000000000000000000000000000000000000000000000000000000000000000000000000000000000000000000000000000000000000000000000
623 00000000000000000000000000000000000000000000000000000000000000000000000000000000000000000000000000000000000000000000000000000000000000000000000000000000000000000000000000000000000000000000000000000000000000000000000000000000000000000000000000000000000000000000000000000000000000000000000000000000000000000000000000000000000000000000000000000000000000000000000000
624 00000000000000000000000000000000000000000000000000000000000000000000000000000000000000000000000000000000000000000000000000000000000000000000000000000000000000000000000000000000000000000000000000000000000000000000000000000000000000000000000000000000000000000000000000000000000000000000000000000000000000000000000000000000000000000000000000000000000000000000000000
645 00
646 00
647 00
648 00
649 00
650 00
651 00
652 00
680 020000000000000000000000000000000000000000000000000000000000000000000000000000000000040000000000000000000000000000000061030100000000000000000000000000000000000000000000000000000000000000000000000000000000000400000000000000000000000000000000620301
691 010c001100000003000000000000000000000000000000000000000000
692 010c001100000003000000000000000000000000000000000000000000
693 010c001100000003000000000000000000000000000000000000000000
694 010c001100000003000000000000000000000000000000000000000000
695 010c001100000003000000000000000000000000000000000000000000
696 010c001100000003000000000000000000000000000000000000000000
697 010c001100000003000000000000000000000000000000000000000000
726 0106001600000003000000000000000000000000000000000000000000
727 0106001600000003000000000000000000000000000000000000000000
728 0106001600000003000000000000000000000000000000000000000000
729 0106001600000003000000000000000000000000000000000000000000
730 0106001600000003000000000000000000000000000000000000000000
731 0106001600000003000000000000000000000000000000000000000000
732 0106001600000003000000000000000000000000000000000000000000
873 0000
874 58023c
875 0c00
876 02
877 000000
878 00
896 0000
900 00
901 00
902 00
903 64646401
908 00
912 011903190a
918 00
919 0a00
921 0000
923 141a041b00111c06
924 00
925 0000000000
927 00
928 37343731373636363033353737313230
952 010100000000000000000000000000000001130000000000000000000000000000000000000000000000000000000000000000
954 0301021f0c5200f601cc098400520093019001bb0b373437313736363630333537373132303a0401002900fc01ce0904002900f4012c010000373039363138383031323433373235333b0406017400f601f70935007400f401f401010030303030303030303030303030303030000000000000000000000000000000000000000000000000000000000000000000000000000000000000000000000000000000000000000000000000000000000000000000000000
961 0100
962 5200f60164000700
964 01
1004 04
1006 00000000
1007 00000000
1043 0000000000
1083 00
1085 28000000
1087 3c00
1096 00
1097 e8030000e8030000c4090000d0070000
1100 14645f
1101 146414
1138 01
1165 00
1166 0000000000
1167 0000
1175 00
1177 01
1178 01
1181 00
1190 00000000
1211 000000000000000000000000000000000000000000000000
1232 00
1233 0000000000000000000000000000000000000000000000000000000000000000000000000000000000000000000000000000000000000000000000000000000000000000
1234 0000000000000000000000000000000000000000000000000000000000000000000000000000000000000000000000000000000000000000000000000000000000000000
1235 0000000000000000000000000000000000000000000000000000000000000000000000000000000000000000000000000000000000000000000000000000000000000000
1236 0000000000000000000000000000000000000000000000000000000000000000000000000000000000000000000000000000000000000000000000000000000000000000
1237 0000000000000000000000000000000000000000000000000000000000000000000000000000000000000000000000000000000000000000000000000000000000000000
1238 02ef06ed06ffffffffffffffffffffffffffffffffffffffffffffffffffff
1239 0000
1240 04
1286 00000000000000000000000000000000000000000000000000000000000000000000000000000000000000000000000000000000000000000000000000000000000000000000000000000000000000000000000000000000000000000000000000000000000000000000000000000000000000000000000000000000000000000000000000000000000000000000000000000000000000000000000000000000000000000000000000000000000000000000000000
1287 00000000000000000000000000000000000000000000000000000000000000000000000000000000000000000000000000000000000000000000000000000000000000000000000000000000000000000000000000000000000000000000000000000000000000000000000000000000000000000000000000000000000000000000000000000000000000000000000000000000000000000000000000000000000000000000000000000000000000000000000000
1288 00000000000000000000000000000000000000000000000000000000000000000000000000000000000000000000000000000000000000000000000000000000000000000000000000000000000000000000000000000000000000000000000000000000000000000000000000000000000000000000000000000000000000000000000000000000000000000000000000000000000000000000000000000000000000000000000000000000000000000000000000
1289 00000000000000000000000000000000000000000000000000000000000000000000000000000000000000000000000000000000000000000000000000000000000000000000000000000000000000000000000000000000000000000000000000000000000000000000000000000000000000000000000000000000000000000000000000000000000000000000000000000000000000000000000000000000000000000000000000000000000000000000000000
1294 00000000000000000000000000000000000000000000000000000000000000000000000000000000000000000000000000000000000000000000000000000000000000000000000000000000000000000000000000000000000000000000000000000000000000000000000000000000000000000000000000000000
1311 000000000000000000000000000000001100090000000d000a00060005000a00060009000500050007000b0007000a0006000900090000000000000000000000000000000000000000000000000000000000000000000000000000000000000000000000000000000000000000000000000000000000000000000000
1315 00000000000000000000000000000000000000000000000000000000000000000000000000000000000000000000000000000000000000000000000000000000000000000000000000000000000000000000000000000000000000000000000000000000000000000000000000000000000000000000000000000000
1316 000000000000000000000000000000000000000000000000000000000000000000000000000000000000000000000000000000000000000000000000000000000000000000000000000000000000000000000000000000000000000000000000
1333 0000000000000000000000009a0000000000000000000000000000000000000000000000000000000000000000000000000000000000000000000000000000000000000000000000000000000000000000000000000000000000000000000000
1337 000000000000000000000000000000000000000000000000000000000000000000000000000000000000000000000000000000000000000000000000000000000000000000000000000000000000000000000000000000000000000000000000
1339 00
1364 00
1391 1e000000dc0000008d020000000000008d02000000000000
1392 0000000000000000000000000000000080002300000038002400150014002800170023001600110017002c001a002500170025001e0000000000000000000000000000000000000000000000000000000000000000000000000000000000000000000000000000000000000000000000000000000000000000000000
1393 0000000000000000000000008d0200000000000000000000000000000000000000000000000000000000000000000000000000000000000000000000000000000000000000000000000000000000000000000000000000000000000000000000
1394 0000
1439 010000180001000000000000000000000000000000
1440 010000180001000000000000000000000000000000
1441 010000180001000000000000000000000000000000
1442 010000180001000000000000000000000000000000
1443 010000180001000000000000000000000000000000
1444 010000180001000000000000000000000000000000
1445 010000180001000000000000000000000000000000
1467 0000
1469 02ef06ed06ffffffffffffffffffffffffffffffffffffffffffffffffffff
1470 00ffffffffffffffffffffffffffffffffffffffffffffffffffffffffffff
1472 00ffffffffffffffffffffffffffffffffffffffffffffffffffffffffffff
1473 00ffffffffffffffffffffffffffffffffffffffffffffffffffffffffffff
1494 ffffffffffffffff
1504 00
1529 00
1533 0000
1536 000001
1537 000100
1538 00
1539 00
1540 ffffffffffffffff000000000000000000000000000000000000
1549 01030000000000000000000000000000000000000000000000000000000000000001230000000000000000000000000000000001030000000000000000000000000000000000000000000000000000000000000000000000000000000000000000
1553 21004701c9094200
1595 5200f601c9097000
1607 00
1659 000000
1660 00000000000000200008000000000000
1698 46883028000000000000000000000000
1710 52007600c9090100
1721 0f0005001b002300
1769 e300e300e400e30000
1773 00
1775 00
1786 00000000000000000000000000000000000000000000000000000000000000000000000000000000000000000000000000000000
1787 0000000000000000000000000000000000000000000000000000000000000000
1799 0000
1815 00
1819 00
1842 ffff
2215 00
2216 00
2235 0000000000000000000000000000000000000000000000000000000000000000000000000000000000000000000000000000000000000000000000000000000000
2255 0000
2256 0000
2257 0000
2259 03
2320 00
2330 00
2331 00
2332 00
2340 ff01
2341 00000000
2342 08070000
2345 00
2346 00
2350 02
2351 0000
2352 0000
2369 0000000000001300000027000000
2370 0064000100000003000000
2404 010000000002
2457 000000000000000004
2483 00
2484 0000000000000000
2486 00000000
2487 00000000
2488 00000000
2491 00
2494 00000000
2495 00000000
2496 00000000
2498 02
2515 000000000000000000000000000000002f0000000000000000000000000000000000000000000000000000000000000000000000000000000000000000000000000000000000000000000000000000000000000000000000000000000000000000000000000000000000000000000000000000000000000000000000
2516 0000000000000000000000002f0000000000000000000000000000000000000000000000000000000000000000000000000000000000000000000000000000000000000000000000000000000000000000000000000000000000000000000000
2517 00000000000000002f000000000000002f00000000000000
2524 00000000000000000000000000000000000000000000000000000000000000000000000000000000000000000000000000000000000000000000000000000000000000000000000000000000000000000000000000000000000000000000000000000000000000000000000000000000000000000000000000000000
2525 000000000000000000000000000000000000000000000000000000000000000000000000000000000000000000000000000000000000000000000000000000000000000000000000000000000000000000000000000000000000000000000000
2526 000000000000000000000000000000000000000000000000
2527 00000000000000000000000000000000000000000000000000000000000000000000000000000000000000000000000000000000000000000000000000000000000000000000000000000000000000000000000000000000000000000000000000000000000000000000000000000000000000000000000000000000
2528 000000000000000000000000000000000000000000000000000000000000000000000000000000000000000000000000000000000000000000000000000000000000000000000000000000000000000000000000000000000000000000000000
2529 000000000000000000000000000000000000000000000000
2540 01012f202001
2543 00000000640064006400
2544 00
2545 00
2555 00000000
2556 00000000
2557 00
2558 00
2560 00
2573 6801
2574 dc050000dc050000
2575 0000
2582 0000
2593 01030137303938333738363030393531313935530000000000000000000000000000000000000000000000000000000000000000000000000000000000000000000000000000000000000000000000000000000000000000000000000000000000000000000000000000000000000000000000000000000000000000000000000000000000000000000000000000000000000000000000000000000000000000000000000000000000000000000000000000000000
2602 000000000000000000000000
2603 1e003200
2611 b80b0000
2612 01f401e8030000
2622 000000000000000000
2623 000000000000000000
2624 000000000000000000
2625 000000000000000000
2626 dc050000
2629 00000000
2634 01
2733 15041a
2735 ff
2741 000001
2742 05
2743 05
2744 05
2745 05
2746 05
2750 05
2767 05
2768 05
2776 00000000000000000000000000000000000000000000000000000000000000000000000000000000000000000000000000000000000000000000000000000000000000000000000000000000000000000000000000000000000000000000000000000000000000000000000000000000000000000000000000000000000000000000000000000000000000000000000000000000000000000000000000000000000000000000000000000000000000000000000000
2777 5200f601e8030500
2796 0200
2806 0100
2829 0301373039383337383630303935313139355300
2831 0000
2851 2c01
2853 b80b
2874 0000
2894 00
2920 00ff
2921 0000
2922 0000
2923 000000000000
2924 00000000
2925 053c
2926 2e2d00010405
2932 7c070000
2940 000000
2942 0800000000000000000000000000000000000000000000000000000000000000000000000000000000000000000000000000000000000000000000000000000000000000000000000000000000000000000000000000000000000000000000000000000000000000000000000000000000000000000000000000000000000000000000000000000000
2944 01
2952 0800000000000000000000000000000000000000000000000000000000000000000000000000000000000000000000000000000000000000000000000000000000000000000000000000000000000000000000000000000000000000000000000000000000000000000000000000000000000000000000000000000000000000000000000000000000
2953 0c0025033e0157046402
2969 00
2986 00
3000 000000000000000000000000000000000000000000000000000000000000000000000000000000000000000000000000000000000000000000000000000000000000000000000000000000000000000000000000000000000000000000000000000000000000000000000000000000000000000000000000000000000000000000000000000000
3029 00
3030 0500
3032 b400
3033 ff06ffffff
3034 008000000000000004
3035 008000000000000004
3036 6e00
3037 0100001800000003000000000000000000000000000000000000000000
3038 0100001800000003000000000000000000000000000000000000000000
3039 0100001800000003000000000000000000000000000000000000000000
3040 0100001800000003000000000000000000000000000000000000000000
3041 0100001800000003000000000000000000000000000000000000000000
3042 0100001800000003000000000000000000000000000000000000000000
3043 0100001800000003000000000000000000000000000000000000000000
3066 00000000
3068 9001
3119 130000003a020000
3131 1300000070240200
3134 6400000000000400000000000000
3169 0200000000000200
3170 7a036203a9037d0300
3171 0106001600000002000000000000000000000000000000000000000000
3172 0106001600000002000000000000000000000000000000000000000000
3173 0106001600000002000000000000000000000000000000000000000000
3174 0106001600000002000000000000000000000000000000000000000000
3175 0106001600000002000000000000000000000000000000000000000000
3176 0106001600000002000000000000000000000000000000000000000000
3177 0106001600000002000000000000000000000000000000000000000000
3196 00
3197 9cff8a0200008a0250008a02a0008a02f0008a0240018a02ae018a02
3201 000000000000000000000000000000000000000000000000000000000000000000011e0000000000000000000000000000000000000000000000000000000000000000000000000000000000000000000000000000000000000000000000000000
3202 02
3203 6c01
3204 00
3205 0a
3232 180117011801170100
3233 c701c701c901c70100
3234 030203020402030200
3235 aa05
3236 00
3237 04
3239 3200
3278 00
3280 00
3282 9001
3283 00
3284 dc05000064000000bc02
3286 f0006801e0015802
3287 64008403
3288 64008403
3290 00
3293 e803dc05
3294 000100
3295 000100
3296 000100
3297 03de0cdf0ce00c000000000000000000000000000000000000000000000000
3298 05
3299 00
3300 00
3301 00
3302 00
3323 18
3324 0f00
3325 a005
3329 00
3330 00
3387 0000000000000000000000000000000000000000000000000000000000000000000000000000000000000000000000000000000000000000000000000000000000000000000000000000000000000000000000000000000000000000000000000000
3389 0000000000
3479 00
3489 0000
